UNITS MIL,10000;
EDIT proj;
ADD P1 :W0.000000  0.0000,-60.6687 376.5465,-60.6687 376.5465,60.6687 0.0000,60.6687;
ADD P1 :W0.000000  -119.7238,-60.6687 0.0000,-60.6687 0.0000,60.6687 -121.3374,60.6687 -121.3374,0.0000 -119.7238,0.0000;
ADD P1 :W0.000000  -119.7238,-178.7789 -1.6136,-178.7789 -1.6136,-60.6687 -119.7238,-60.6687;
ADD P1 :W0.000000  -119.7238,-178.7789 0.0000,-178.7789 0.0000,-300.1163 -121.3374,-300.1163 -121.3374,-239.4476 -119.7238,-239.4476;
ADD P1 :W0.000000  0.0000,-178.7789 376.5465,-178.7789 376.5465,-300.1163 0.0000,-300.1163;
ADD P1 :W0.000000  0.0000,-300.1163 0.0000,-511.6179 -121.3374,-511.6179 -121.3374,-300.1163;
ADD P1 :W0.000000  281.8510,-511.6179 281.8510,-1064.7022 -403.1884,-1064.7022 -403.1884,-511.6179;
ADD P1 :W0.000000  392.0872,-60.6687 -1.6136,-60.6687 -1.6136,-178.7789 392.0872,-178.7789;
ADD P1 :W0.000000  0.0000,60.6687 0.0000,272.1703 -121.3374,272.1703 -121.3374,60.6687;
ADD P1 :W0.000000  281.8510,272.1703 281.8510,825.2546 -403.1884,825.2546 -403.1884,272.1703;
SAVE;
